T-0-7 0 64 55 17 13 1 12 44
T-0-7 0 64 56 17 13 1 4 36
T-0-7 0 64 57 17 13 1 1 33
T-0-7 0 64 58 17 13 1 6 38
T-0-7 0 64 59 17 13 0 11 11
T-0-7 0 64 60 17 13 0 4 4
T-0-7 0 64 61 17 13 0 1 1
T-0-7 0 64 62 17 13 0 6 6
T-0-7 1 64 55 17 13 1 7 39
T-0-7 1 64 56 17 13 1 0 32
T-0-7 1 64 57 17 13 1 2 34
T-0-7 1 64 58 17 13 1 16 48
T-0-7 1 64 59 17 13 0 10 10
T-0-7 1 64 60 17 13 0 0 0
T-0-7 1 64 61 17 13 0 2 2
T-0-7 1 64 62 17 13 0 16 16
T-0-7 2 64 55 17 13 1 10 42
T-0-7 2 64 56 17 13 1 3 35
T-0-7 2 64 57 17 13 1 17 49
T-0-7 2 64 58 17 13 1 13 45
T-0-7 2 64 59 17 13 0 7 7
T-0-7 2 64 60 17 13 0 3 3
T-0-7 2 64 61 17 13 0 17 17
T-0-7 2 64 62 17 13 0 13 13
T-0-7 3 64 55 17 13 1 11 43
T-0-7 3 64 56 17 13 1 5 37
T-0-7 3 64 57 17 13 1 8 40
T-0-7 3 64 58 17 13 1 14 46
T-0-7 3 64 59 17 13 0 12 12
T-0-7 3 64 60 17 13 0 5 5
T-0-7 3 64 61 17 13 0 8 8
T-0-7 3 64 62 17 13 0 14 14
T-0-7 4 64 55 17 13 1 19 51
T-0-7 4 64 56 17 13 1 30 62
T-0-7 4 64 57 17 13 1 26 58
T-0-7 4 64 58 17 13 1 22 54
T-0-7 4 64 59 17 13 0 28 28
T-0-7 4 64 60 17 13 0 30 30
T-0-7 4 64 61 17 13 0 26 26
T-0-7 4 64 62 17 13 0 22 22
T-0-7 5 64 55 17 13 1 31 63
T-0-7 5 64 56 17 13 1 25 57
T-0-7 5 64 57 17 13 1 24 56
T-0-7 5 64 58 17 13 1 21 53
T-0-7 5 64 59 17 13 0 18 18
T-0-7 5 64 60 17 13 0 25 25
T-0-7 5 64 61 17 13 0 24 24
T-0-7 5 64 62 17 13 0 21 21
T-0-7 6 64 55 17 13 1 18 50
T-0-7 6 64 56 17 13 1 15 47
T-0-7 6 64 57 17 13 1 29 61
T-0-7 6 64 58 17 13 1 20 52
T-0-7 6 64 59 17 13 0 31 31
T-0-7 6 64 60 17 13 0 15 15
T-0-7 6 64 61 17 13 0 29 29
T-0-7 6 64 62 17 13 0 20 20
T-0-7 7 64 55 17 13 1 28 60
T-0-7 7 64 56 17 13 1 23 55
T-0-7 7 64 57 17 13 1 27 59
T-0-7 7 64 58 17 13 1 9 41
T-0-7 7 64 59 17 13 0 19 19
T-0-7 7 64 60 17 13 0 23 23
T-0-7 7 64 61 17 13 0 27 27
T-0-7 7 64 62 17 13 0 9 9
T-0-8 0 64 63 17 13 5 12 172
T-0-8 0 64 64 17 13 5 4 164
T-0-8 0 64 65 17 13 5 1 161
T-0-8 0 64 66 17 13 5 6 166
T-0-8 0 64 67 17 13 4 11 139
T-0-8 0 64 68 17 13 4 4 132
T-0-8 0 64 69 17 13 4 1 129
T-0-8 0 64 70 17 13 4 6 134
T-0-8 1 64 63 17 13 5 7 167
T-0-8 1 64 64 17 13 5 0 160
T-0-8 1 64 65 17 13 5 2 162
T-0-8 1 64 66 17 13 5 16 176
T-0-8 1 64 67 17 13 4 10 138
T-0-8 1 64 68 17 13 4 0 128
T-0-8 1 64 69 17 13 4 2 130
T-0-8 1 64 70 17 13 4 16 144
T-0-8 2 64 63 17 13 5 10 170
T-0-8 2 64 64 17 13 5 3 163
T-0-8 2 64 65 17 13 5 17 177
T-0-8 2 64 66 17 13 5 13 173
T-0-8 2 64 67 17 13 4 7 135
T-0-8 2 64 68 17 13 4 3 131
T-0-8 2 64 69 17 13 4 17 145
T-0-8 2 64 70 17 13 4 13 141
T-0-8 3 64 63 17 13 5 11 171
T-0-8 3 64 64 17 13 5 5 165
T-0-8 3 64 65 17 13 5 8 168
T-0-8 3 64 66 17 13 5 14 174
T-0-8 3 64 67 17 13 4 12 140
T-0-8 3 64 68 17 13 4 5 133
T-0-8 3 64 69 17 13 4 8 136
T-0-8 3 64 70 17 13 4 14 142
T-0-8 4 64 63 17 13 5 19 179
T-0-8 4 64 64 17 13 5 30 190
T-0-8 4 64 65 17 13 5 26 186
T-0-8 4 64 66 17 13 5 22 182
T-0-8 4 64 67 17 13 4 28 156
T-0-8 4 64 68 17 13 4 30 158
T-0-8 4 64 69 17 13 4 26 154
T-0-8 4 64 70 17 13 4 22 150
T-0-8 5 64 63 17 13 5 31 191
T-0-8 5 64 64 17 13 5 25 185
T-0-8 5 64 65 17 13 5 24 184
T-0-8 5 64 66 17 13 5 21 181
T-0-8 5 64 67 17 13 4 18 146
T-0-8 5 64 68 17 13 4 25 153
T-0-8 5 64 69 17 13 4 24 152
T-0-8 5 64 70 17 13 4 21 149
T-0-8 6 64 63 17 13 5 18 178
T-0-8 6 64 64 17 13 5 15 175
T-0-8 6 64 65 17 13 5 29 189
T-0-8 6 64 66 17 13 5 20 180
T-0-8 6 64 67 17 13 4 31 159
T-0-8 6 64 68 17 13 4 15 143
T-0-8 6 64 69 17 13 4 29 157
T-0-8 6 64 70 17 13 4 20 148
T-0-8 7 64 63 17 13 5 28 188
T-0-8 7 64 64 17 13 5 23 183
T-0-8 7 64 65 17 13 5 27 187
T-0-8 7 64 66 17 13 5 9 169
T-0-8 7 64 67 17 13 4 19 147
T-0-8 7 64 68 17 13 4 23 151
T-0-8 7 64 69 17 13 4 27 155
T-0-8 7 64 70 17 13 4 9 137
T-1-7 8 64 55 17 13 3 12 108
T-1-7 8 64 56 17 13 3 4 100
T-1-7 8 64 57 17 13 3 1 97
T-1-7 8 64 58 17 13 3 6 102
T-1-7 8 64 59 17 13 2 11 75
T-1-7 8 64 60 17 13 2 4 68
T-1-7 8 64 61 17 13 2 1 65
T-1-7 8 64 62 17 13 2 6 70
T-1-7 9 64 55 17 13 3 7 103
T-1-7 9 64 56 17 13 3 0 96
T-1-7 9 64 57 17 13 3 2 98
T-1-7 9 64 58 17 13 3 16 112
T-1-7 9 64 59 17 13 2 10 74
T-1-7 9 64 60 17 13 2 0 64
T-1-7 9 64 61 17 13 2 2 66
T-1-7 9 64 62 17 13 2 16 80
T-1-7 10 64 55 17 13 3 10 106
T-1-7 10 64 56 17 13 3 3 99
T-1-7 10 64 57 17 13 3 17 113
T-1-7 10 64 58 17 13 3 13 109
T-1-7 10 64 59 17 13 2 7 71
T-1-7 10 64 60 17 13 2 3 67
T-1-7 10 64 61 17 13 2 17 81
T-1-7 10 64 62 17 13 2 13 77
T-1-7 11 64 55 17 13 3 11 107
T-1-7 11 64 56 17 13 3 5 101
T-1-7 11 64 57 17 13 3 8 104
T-1-7 11 64 58 17 13 3 14 110
T-1-7 11 64 59 17 13 2 12 76
T-1-7 11 64 60 17 13 2 5 69
T-1-7 11 64 61 17 13 2 8 72
T-1-7 11 64 62 17 13 2 14 78
T-1-7 12 64 55 17 13 3 19 115
T-1-7 12 64 56 17 13 3 30 126
T-1-7 12 64 57 17 13 3 26 122
T-1-7 12 64 58 17 13 3 22 118
T-1-7 12 64 59 17 13 2 28 92
T-1-7 12 64 60 17 13 2 30 94
T-1-7 12 64 61 17 13 2 26 90
T-1-7 12 64 62 17 13 2 22 86
T-1-7 13 64 55 17 13 3 31 127
T-1-7 13 64 56 17 13 3 25 121
T-1-7 13 64 57 17 13 3 24 120
T-1-7 13 64 58 17 13 3 21 117
T-1-7 13 64 59 17 13 2 18 82
T-1-7 13 64 60 17 13 2 25 89
T-1-7 13 64 61 17 13 2 24 88
T-1-7 13 64 62 17 13 2 21 85
T-1-7 14 64 55 17 13 3 18 114
T-1-7 14 64 56 17 13 3 15 111
T-1-7 14 64 57 17 13 3 29 125
T-1-7 14 64 58 17 13 3 20 116
T-1-7 14 64 59 17 13 2 31 95
T-1-7 14 64 60 17 13 2 15 79
T-1-7 14 64 61 17 13 2 29 93
T-1-7 14 64 62 17 13 2 20 84
T-1-7 15 64 55 17 13 3 28 124
T-1-7 15 64 56 17 13 3 23 119
T-1-7 15 64 57 17 13 3 27 123
T-1-7 15 64 58 17 13 3 9 105
T-1-7 15 64 59 17 13 2 19 83
T-1-7 15 64 60 17 13 2 23 87
T-1-7 15 64 61 17 13 2 27 91
T-1-7 15 64 62 17 13 2 9 73
T-1-8 8 64 63 17 13 7 12 236
T-1-8 8 64 64 17 13 7 4 228
T-1-8 8 64 65 17 13 7 1 225
T-1-8 8 64 66 17 13 7 6 230
T-1-8 8 64 67 17 13 6 11 203
T-1-8 8 64 68 17 13 6 4 196
T-1-8 8 64 69 17 13 6 1 193
T-1-8 8 64 70 17 13 6 6 198
T-1-8 9 64 63 17 13 7 7 231
T-1-8 9 64 64 17 13 7 0 224
T-1-8 9 64 65 17 13 7 2 226
T-1-8 9 64 66 17 13 7 16 240
T-1-8 9 64 67 17 13 6 10 202
T-1-8 9 64 68 17 13 6 0 192
T-1-8 9 64 69 17 13 6 2 194
T-1-8 9 64 70 17 13 6 16 208
T-1-8 10 64 63 17 13 7 10 234
T-1-8 10 64 64 17 13 7 3 227
T-1-8 10 64 65 17 13 7 17 241
T-1-8 10 64 66 17 13 7 13 237
T-1-8 10 64 67 17 13 6 7 199
T-1-8 10 64 68 17 13 6 3 195
T-1-8 10 64 69 17 13 6 17 209
T-1-8 10 64 70 17 13 6 13 205
T-1-8 11 64 63 17 13 7 11 235
T-1-8 11 64 64 17 13 7 5 229
T-1-8 11 64 65 17 13 7 8 232
T-1-8 11 64 66 17 13 7 14 238
T-1-8 11 64 67 17 13 6 12 204
T-1-8 11 64 68 17 13 6 5 197
T-1-8 11 64 69 17 13 6 8 200
T-1-8 11 64 70 17 13 6 14 206
T-1-8 12 64 63 17 13 7 19 243
T-1-8 12 64 64 17 13 7 30 254
T-1-8 12 64 65 17 13 7 26 250
T-1-8 12 64 66 17 13 7 22 246
T-1-8 12 64 67 17 13 6 28 220
T-1-8 12 64 68 17 13 6 30 222
T-1-8 12 64 69 17 13 6 26 218
T-1-8 12 64 70 17 13 6 22 214
T-1-8 13 64 63 17 13 7 31 255
T-1-8 13 64 64 17 13 7 25 249
T-1-8 13 64 65 17 13 7 24 248
T-1-8 13 64 66 17 13 7 21 245
T-1-8 13 64 67 17 13 6 18 210
T-1-8 13 64 68 17 13 6 25 217
T-1-8 13 64 69 17 13 6 24 216
T-1-8 13 64 70 17 13 6 21 213
T-1-8 14 64 63 17 13 7 18 242
T-1-8 14 64 64 17 13 7 15 239
T-1-8 14 64 65 17 13 7 29 253
T-1-8 14 64 66 17 13 7 20 244
T-1-8 14 64 67 17 13 6 31 223
T-1-8 14 64 68 17 13 6 15 207
T-1-8 14 64 69 17 13 6 29 221
T-1-8 14 64 70 17 13 6 20 212
T-1-8 15 64 63 17 13 7 28 252
T-1-8 15 64 64 17 13 7 23 247
T-1-8 15 64 65 17 13 7 27 251
T-1-8 15 64 66 17 13 7 9 233
T-1-8 15 64 67 17 13 6 19 211
T-1-8 15 64 68 17 13 6 23 215
T-1-8 15 64 69 17 13 6 27 219
T-1-8 15 64 70 17 13 6 9 201
R-7-5 255 40 62 17 11 1 28 60
R-7-5 255 41 62 17 11 1 23 55
R-7-5 255 42 62 17 11 1 27 59
R-7-5 255 43 62 17 11 1 9 41
R-7-5 255 44 62 17 11 0 19 19
R-7-5 255 45 62 17 11 0 23 23
R-7-5 255 46 62 17 11 0 27 27
R-7-5 255 47 62 17 11 0 9 9
R-7-5 255 40 61 17 11 1 18 50
R-7-5 255 41 61 17 11 1 15 47
R-7-5 255 42 61 17 11 1 29 61
R-7-5 255 43 61 17 11 1 20 52
R-7-5 255 44 61 17 11 0 31 31
R-7-5 255 45 61 17 11 0 15 15
R-7-5 255 46 61 17 11 0 29 29
R-7-5 255 47 61 17 11 0 20 20
R-7-5 255 40 60 17 11 1 31 63
R-7-5 255 41 60 17 11 1 25 57
R-7-5 255 42 60 17 11 1 24 56
R-7-5 255 43 60 17 11 1 21 53
R-7-5 255 44 60 17 11 0 18 18
R-7-5 255 45 60 17 11 0 25 25
R-7-5 255 46 60 17 11 0 24 24
R-7-5 255 47 60 17 11 0 21 21
R-7-5 255 40 59 17 11 1 19 51
R-7-5 255 41 59 17 11 1 30 62
R-7-5 255 42 59 17 11 1 26 58
R-7-5 255 43 59 17 11 1 22 54
R-7-5 255 44 59 17 11 0 28 28
R-7-5 255 45 59 17 11 0 30 30
R-7-5 255 46 59 17 11 0 26 26
R-7-5 255 47 59 17 11 0 22 22
R-7-5 255 40 58 17 11 1 11 43
R-7-5 255 41 58 17 11 1 5 37
R-7-5 255 42 58 17 11 1 8 40
R-7-5 255 43 58 17 11 1 14 46
R-7-5 255 44 58 17 11 0 12 12
R-7-5 255 45 58 17 11 0 5 5
R-7-5 255 46 58 17 11 0 8 8
R-7-5 255 47 58 17 11 0 14 14
R-7-5 255 40 57 17 11 1 10 42
R-7-5 255 41 57 17 11 1 3 35
R-7-5 255 42 57 17 11 1 17 49
R-7-5 255 43 57 17 11 1 13 45
R-7-5 255 44 57 17 11 0 7 7
R-7-5 255 45 57 17 11 0 3 3
R-7-5 255 46 57 17 11 0 17 17
R-7-5 255 47 57 17 11 0 13 13
R-7-5 255 40 56 17 11 1 7 39
R-7-5 255 41 56 17 11 1 0 32
R-7-5 255 42 56 17 11 1 2 34
R-7-5 255 43 56 17 11 1 16 48
R-7-5 255 44 56 17 11 0 10 10
R-7-5 255 45 56 17 11 0 0 0
R-7-5 255 46 56 17 11 0 2 2
R-7-5 255 47 56 17 11 0 16 16
R-7-5 255 40 55 17 11 1 12 44
R-7-5 255 41 55 17 11 1 4 36
R-7-5 255 42 55 17 11 1 1 33
R-7-5 255 43 55 17 11 1 6 38
R-7-5 255 44 55 17 11 0 11 11
R-7-5 255 45 55 17 11 0 4 4
R-7-5 255 46 55 17 11 0 1 1
R-7-5 255 47 55 17 11 0 6 6
R-7-6 255 48 62 17 11 3 28 124
R-7-6 255 49 62 17 11 3 23 119
R-7-6 255 50 62 17 11 3 27 123
R-7-6 255 51 62 17 11 3 9 105
R-7-6 255 52 62 17 11 2 19 83
R-7-6 255 53 62 17 11 2 23 87
R-7-6 255 54 62 17 11 2 27 91
R-7-6 255 55 62 17 11 2 9 73
R-7-6 255 48 61 17 11 3 18 114
R-7-6 255 49 61 17 11 3 15 111
R-7-6 255 50 61 17 11 3 29 125
R-7-6 255 51 61 17 11 3 20 116
R-7-6 255 52 61 17 11 2 31 95
R-7-6 255 53 61 17 11 2 15 79
R-7-6 255 54 61 17 11 2 29 93
R-7-6 255 55 61 17 11 2 20 84
R-7-6 255 48 60 17 11 3 31 127
R-7-6 255 49 60 17 11 3 25 121
R-7-6 255 50 60 17 11 3 24 120
R-7-6 255 51 60 17 11 3 21 117
R-7-6 255 52 60 17 11 2 18 82
R-7-6 255 53 60 17 11 2 25 89
R-7-6 255 54 60 17 11 2 24 88
R-7-6 255 55 60 17 11 2 21 85
R-7-6 255 48 59 17 11 3 19 115
R-7-6 255 49 59 17 11 3 30 126
R-7-6 255 50 59 17 11 3 26 122
R-7-6 255 51 59 17 11 3 22 118
R-7-6 255 52 59 17 11 2 28 92
R-7-6 255 53 59 17 11 2 30 94
R-7-6 255 54 59 17 11 2 26 90
R-7-6 255 55 59 17 11 2 22 86
R-7-6 255 48 58 17 11 3 11 107
R-7-6 255 49 58 17 11 3 5 101
R-7-6 255 50 58 17 11 3 8 104
R-7-6 255 51 58 17 11 3 14 110
R-7-6 255 52 58 17 11 2 12 76
R-7-6 255 53 58 17 11 2 5 69
R-7-6 255 54 58 17 11 2 8 72
R-7-6 255 55 58 17 11 2 14 78
R-7-6 255 48 57 17 11 3 10 106
R-7-6 255 49 57 17 11 3 3 99
R-7-6 255 50 57 17 11 3 17 113
R-7-6 255 51 57 17 11 3 13 109
R-7-6 255 52 57 17 11 2 7 71
R-7-6 255 53 57 17 11 2 3 67
R-7-6 255 54 57 17 11 2 17 81
R-7-6 255 55 57 17 11 2 13 77
R-7-6 255 48 56 17 11 3 7 103
R-7-6 255 49 56 17 11 3 0 96
R-7-6 255 50 56 17 11 3 2 98
R-7-6 255 51 56 17 11 3 16 112
R-7-6 255 52 56 17 11 2 10 74
R-7-6 255 53 56 17 11 2 0 64
R-7-6 255 54 56 17 11 2 2 66
R-7-6 255 55 56 17 11 2 16 80
R-7-6 255 48 55 17 11 3 12 108
R-7-6 255 49 55 17 11 3 4 100
R-7-6 255 50 55 17 11 3 1 97
R-7-6 255 51 55 17 11 3 6 102
R-7-6 255 52 55 17 11 2 11 75
R-7-6 255 53 55 17 11 2 4 68
R-7-6 255 54 55 17 11 2 1 65
R-7-6 255 55 55 17 11 2 6 70
R-8-5 255 40 70 17 11 5 28 188
R-8-5 255 41 70 17 11 5 23 183
R-8-5 255 42 70 17 11 5 27 187
R-8-5 255 43 70 17 11 5 9 169
R-8-5 255 44 70 17 11 4 19 147
R-8-5 255 45 70 17 11 4 23 151
R-8-5 255 46 70 17 11 4 27 155
R-8-5 255 47 70 17 11 4 9 137
R-8-5 255 40 69 17 11 5 18 178
R-8-5 255 41 69 17 11 5 15 175
R-8-5 255 42 69 17 11 5 29 189
R-8-5 255 43 69 17 11 5 20 180
R-8-5 255 44 69 17 11 4 31 159
R-8-5 255 45 69 17 11 4 15 143
R-8-5 255 46 69 17 11 4 29 157
R-8-5 255 47 69 17 11 4 20 148
R-8-5 255 40 68 17 11 5 31 191
R-8-5 255 41 68 17 11 5 25 185
R-8-5 255 42 68 17 11 5 24 184
R-8-5 255 43 68 17 11 5 21 181
R-8-5 255 44 68 17 11 4 18 146
R-8-5 255 45 68 17 11 4 25 153
R-8-5 255 46 68 17 11 4 24 152
R-8-5 255 47 68 17 11 4 21 149
R-8-5 255 40 67 17 11 5 19 179
R-8-5 255 41 67 17 11 5 30 190
R-8-5 255 42 67 17 11 5 26 186
R-8-5 255 43 67 17 11 5 22 182
R-8-5 255 44 67 17 11 4 28 156
R-8-5 255 45 67 17 11 4 30 158
R-8-5 255 46 67 17 11 4 26 154
R-8-5 255 47 67 17 11 4 22 150
R-8-5 255 40 66 17 11 5 11 171
R-8-5 255 41 66 17 11 5 5 165
R-8-5 255 42 66 17 11 5 8 168
R-8-5 255 43 66 17 11 5 14 174
R-8-5 255 44 66 17 11 4 12 140
R-8-5 255 45 66 17 11 4 5 133
R-8-5 255 46 66 17 11 4 8 136
R-8-5 255 47 66 17 11 4 14 142
R-8-5 255 40 65 17 11 5 10 170
R-8-5 255 41 65 17 11 5 3 163
R-8-5 255 42 65 17 11 5 17 177
R-8-5 255 43 65 17 11 5 13 173
R-8-5 255 44 65 17 11 4 7 135
R-8-5 255 45 65 17 11 4 3 131
R-8-5 255 46 65 17 11 4 17 145
R-8-5 255 47 65 17 11 4 13 141
R-8-5 255 40 64 17 11 5 7 167
R-8-5 255 41 64 17 11 5 0 160
R-8-5 255 42 64 17 11 5 2 162
R-8-5 255 43 64 17 11 5 16 176
R-8-5 255 44 64 17 11 4 10 138
R-8-5 255 45 64 17 11 4 0 128
R-8-5 255 46 64 17 11 4 2 130
R-8-5 255 47 64 17 11 4 16 144
R-8-5 255 40 63 17 11 5 12 172
R-8-5 255 41 63 17 11 5 4 164
R-8-5 255 42 63 17 11 5 1 161
R-8-5 255 43 63 17 11 5 6 166
R-8-5 255 44 63 17 11 4 11 139
R-8-5 255 45 63 17 11 4 4 132
R-8-5 255 46 63 17 11 4 1 129
R-8-5 255 47 63 17 11 4 6 134
R-8-6 255 48 70 17 11 7 28 252
R-8-6 255 49 70 17 11 7 23 247
R-8-6 255 50 70 17 11 7 27 251
R-8-6 255 51 70 17 11 7 9 233
R-8-6 255 52 70 17 11 6 19 211
R-8-6 255 53 70 17 11 6 23 215
R-8-6 255 54 70 17 11 6 27 219
R-8-6 255 55 70 17 11 6 9 201
R-8-6 255 48 69 17 11 7 18 242
R-8-6 255 49 69 17 11 7 15 239
R-8-6 255 50 69 17 11 7 29 253
R-8-6 255 51 69 17 11 7 20 244
R-8-6 255 52 69 17 11 6 31 223
R-8-6 255 53 69 17 11 6 15 207
R-8-6 255 54 69 17 11 6 29 221
R-8-6 255 55 69 17 11 6 20 212
R-8-6 255 48 68 17 11 7 31 255
R-8-6 255 49 68 17 11 7 25 249
R-8-6 255 50 68 17 11 7 24 248
R-8-6 255 51 68 17 11 7 21 245
R-8-6 255 52 68 17 11 6 18 210
R-8-6 255 53 68 17 11 6 25 217
R-8-6 255 54 68 17 11 6 24 216
R-8-6 255 55 68 17 11 6 21 213
R-8-6 255 48 67 17 11 7 19 243
R-8-6 255 49 67 17 11 7 30 254
R-8-6 255 50 67 17 11 7 26 250
R-8-6 255 51 67 17 11 7 22 246
R-8-6 255 52 67 17 11 6 28 220
R-8-6 255 53 67 17 11 6 30 222
R-8-6 255 54 67 17 11 6 26 218
R-8-6 255 55 67 17 11 6 22 214
R-8-6 255 48 66 17 11 7 11 235
R-8-6 255 49 66 17 11 7 5 229
R-8-6 255 50 66 17 11 7 8 232
R-8-6 255 51 66 17 11 7 14 238
R-8-6 255 52 66 17 11 6 12 204
R-8-6 255 53 66 17 11 6 5 197
R-8-6 255 54 66 17 11 6 8 200
R-8-6 255 55 66 17 11 6 14 206
R-8-6 255 48 65 17 11 7 10 234
R-8-6 255 49 65 17 11 7 3 227
R-8-6 255 50 65 17 11 7 17 241
R-8-6 255 51 65 17 11 7 13 237
R-8-6 255 52 65 17 11 6 7 199
R-8-6 255 53 65 17 11 6 3 195
R-8-6 255 54 65 17 11 6 17 209
R-8-6 255 55 65 17 11 6 13 205
R-8-6 255 48 64 17 11 7 7 231
R-8-6 255 49 64 17 11 7 0 224
R-8-6 255 50 64 17 11 7 2 226
R-8-6 255 51 64 17 11 7 16 240
R-8-6 255 52 64 17 11 6 10 202
R-8-6 255 53 64 17 11 6 0 192
R-8-6 255 54 64 17 11 6 2 194
R-8-6 255 55 64 17 11 6 16 208
R-8-6 255 48 63 17 11 7 12 236
R-8-6 255 49 63 17 11 7 4 228
R-8-6 255 50 63 17 11 7 1 225
R-8-6 255 51 63 17 11 7 6 230
R-8-6 255 52 63 17 11 6 11 203
R-8-6 255 53 63 17 11 6 4 196
R-8-6 255 54 63 17 11 6 1 193
R-8-6 255 55 63 17 11 6 6 198
U-0-5 0 40 255 17 7 1 12 44
U-0-5 0 41 255 17 7 1 4 36
U-0-5 0 42 255 17 7 1 1 33
U-0-5 0 43 255 17 7 1 6 38
U-0-5 0 44 255 17 7 0 11 11
U-0-5 0 45 255 17 7 0 4 4
U-0-5 0 46 255 17 7 0 1 1
U-0-5 0 47 255 17 7 0 6 6
U-0-5 1 40 255 17 7 1 7 39
U-0-5 1 41 255 17 7 1 0 32
U-0-5 1 42 255 17 7 1 2 34
U-0-5 1 43 255 17 7 1 16 48
U-0-5 1 44 255 17 7 0 10 10
U-0-5 1 45 255 17 7 0 0 0
U-0-5 1 46 255 17 7 0 2 2
U-0-5 1 47 255 17 7 0 16 16
U-0-5 2 40 255 17 7 1 10 42
U-0-5 2 41 255 17 7 1 3 35
U-0-5 2 42 255 17 7 1 17 49
U-0-5 2 43 255 17 7 1 13 45
U-0-5 2 44 255 17 7 0 7 7
U-0-5 2 45 255 17 7 0 3 3
U-0-5 2 46 255 17 7 0 17 17
U-0-5 2 47 255 17 7 0 13 13
U-0-5 3 40 255 17 7 1 11 43
U-0-5 3 41 255 17 7 1 5 37
U-0-5 3 42 255 17 7 1 8 40
U-0-5 3 43 255 17 7 1 14 46
U-0-5 3 44 255 17 7 0 12 12
U-0-5 3 45 255 17 7 0 5 5
U-0-5 3 46 255 17 7 0 8 8
U-0-5 3 47 255 17 7 0 14 14
U-0-5 4 40 255 17 7 1 19 51
U-0-5 4 41 255 17 7 1 30 62
U-0-5 4 42 255 17 7 1 26 58
U-0-5 4 43 255 17 7 1 22 54
U-0-5 4 44 255 17 7 0 28 28
U-0-5 4 45 255 17 7 0 30 30
U-0-5 4 46 255 17 7 0 26 26
U-0-5 4 47 255 17 7 0 22 22
U-0-5 5 40 255 17 7 1 31 63
U-0-5 5 41 255 17 7 1 25 57
U-0-5 5 42 255 17 7 1 24 56
U-0-5 5 43 255 17 7 1 21 53
U-0-5 5 44 255 17 7 0 18 18
U-0-5 5 45 255 17 7 0 25 25
U-0-5 5 46 255 17 7 0 24 24
U-0-5 5 47 255 17 7 0 21 21
U-0-5 6 40 255 17 7 1 18 50
U-0-5 6 41 255 17 7 1 15 47
U-0-5 6 42 255 17 7 1 29 61
U-0-5 6 43 255 17 7 1 20 52
U-0-5 6 44 255 17 7 0 31 31
U-0-5 6 45 255 17 7 0 15 15
U-0-5 6 46 255 17 7 0 29 29
U-0-5 6 47 255 17 7 0 20 20
U-0-5 7 40 255 17 7 1 28 60
U-0-5 7 41 255 17 7 1 23 55
U-0-5 7 42 255 17 7 1 27 59
U-0-5 7 43 255 17 7 1 9 41
U-0-5 7 44 255 17 7 0 19 19
U-0-5 7 45 255 17 7 0 23 23
U-0-5 7 46 255 17 7 0 27 27
U-0-5 7 47 255 17 7 0 9 9
U-0-6 0 48 255 17 7 5 12 172
U-0-6 0 49 255 17 7 5 4 164
U-0-6 0 50 255 17 7 5 1 161
U-0-6 0 51 255 17 7 5 6 166
U-0-6 0 52 255 17 7 4 11 139
U-0-6 0 53 255 17 7 4 4 132
U-0-6 0 54 255 17 7 4 1 129
U-0-6 0 55 255 17 7 4 6 134
U-0-6 1 48 255 17 7 5 7 167
U-0-6 1 49 255 17 7 5 0 160
U-0-6 1 50 255 17 7 5 2 162
U-0-6 1 51 255 17 7 5 16 176
U-0-6 1 52 255 17 7 4 10 138
U-0-6 1 53 255 17 7 4 0 128
U-0-6 1 54 255 17 7 4 2 130
U-0-6 1 55 255 17 7 4 16 144
U-0-6 2 48 255 17 7 5 10 170
U-0-6 2 49 255 17 7 5 3 163
U-0-6 2 50 255 17 7 5 17 177
U-0-6 2 51 255 17 7 5 13 173
U-0-6 2 52 255 17 7 4 7 135
U-0-6 2 53 255 17 7 4 3 131
U-0-6 2 54 255 17 7 4 17 145
U-0-6 2 55 255 17 7 4 13 141
U-0-6 3 48 255 17 7 5 11 171
U-0-6 3 49 255 17 7 5 5 165
U-0-6 3 50 255 17 7 5 8 168
U-0-6 3 51 255 17 7 5 14 174
U-0-6 3 52 255 17 7 4 12 140
U-0-6 3 53 255 17 7 4 5 133
U-0-6 3 54 255 17 7 4 8 136
U-0-6 3 55 255 17 7 4 14 142
U-0-6 4 48 255 17 7 5 19 179
U-0-6 4 49 255 17 7 5 30 190
U-0-6 4 50 255 17 7 5 26 186
U-0-6 4 51 255 17 7 5 22 182
U-0-6 4 52 255 17 7 4 28 156
U-0-6 4 53 255 17 7 4 30 158
U-0-6 4 54 255 17 7 4 26 154
U-0-6 4 55 255 17 7 4 22 150
U-0-6 5 48 255 17 7 5 31 191
U-0-6 5 49 255 17 7 5 25 185
U-0-6 5 50 255 17 7 5 24 184
U-0-6 5 51 255 17 7 5 21 181
U-0-6 5 52 255 17 7 4 18 146
U-0-6 5 53 255 17 7 4 25 153
U-0-6 5 54 255 17 7 4 24 152
U-0-6 5 55 255 17 7 4 21 149
U-0-6 6 48 255 17 7 5 18 178
U-0-6 6 49 255 17 7 5 15 175
U-0-6 6 50 255 17 7 5 29 189
U-0-6 6 51 255 17 7 5 20 180
U-0-6 6 52 255 17 7 4 31 159
U-0-6 6 53 255 17 7 4 15 143
U-0-6 6 54 255 17 7 4 29 157
U-0-6 6 55 255 17 7 4 20 148
U-0-6 7 48 255 17 7 5 28 188
U-0-6 7 49 255 17 7 5 23 183
U-0-6 7 50 255 17 7 5 27 187
U-0-6 7 51 255 17 7 5 9 169
U-0-6 7 52 255 17 7 4 19 147
U-0-6 7 53 255 17 7 4 23 151
U-0-6 7 54 255 17 7 4 27 155
U-0-6 7 55 255 17 7 4 9 137
U-1-5 8 40 255 17 7 3 12 108
U-1-5 8 41 255 17 7 3 4 100
U-1-5 8 42 255 17 7 3 1 97
U-1-5 8 43 255 17 7 3 6 102
U-1-5 8 44 255 17 7 2 11 75
U-1-5 8 45 255 17 7 2 4 68
U-1-5 8 46 255 17 7 2 1 65
U-1-5 8 47 255 17 7 2 6 70
U-1-5 9 40 255 17 7 3 7 103
U-1-5 9 41 255 17 7 3 0 96
U-1-5 9 42 255 17 7 3 2 98
U-1-5 9 43 255 17 7 3 16 112
U-1-5 9 44 255 17 7 2 10 74
U-1-5 9 45 255 17 7 2 0 64
U-1-5 9 46 255 17 7 2 2 66
U-1-5 9 47 255 17 7 2 16 80
U-1-5 10 40 255 17 7 3 10 106
U-1-5 10 41 255 17 7 3 3 99
U-1-5 10 42 255 17 7 3 17 113
U-1-5 10 43 255 17 7 3 13 109
U-1-5 10 44 255 17 7 2 7 71
U-1-5 10 45 255 17 7 2 3 67
U-1-5 10 46 255 17 7 2 17 81
U-1-5 10 47 255 17 7 2 13 77
U-1-5 11 40 255 17 7 3 11 107
U-1-5 11 41 255 17 7 3 5 101
U-1-5 11 42 255 17 7 3 8 104
U-1-5 11 43 255 17 7 3 14 110
U-1-5 11 44 255 17 7 2 12 76
U-1-5 11 45 255 17 7 2 5 69
U-1-5 11 46 255 17 7 2 8 72
U-1-5 11 47 255 17 7 2 14 78
U-1-5 12 40 255 17 7 3 19 115
U-1-5 12 41 255 17 7 3 30 126
U-1-5 12 42 255 17 7 3 26 122
U-1-5 12 43 255 17 7 3 22 118
U-1-5 12 44 255 17 7 2 28 92
U-1-5 12 45 255 17 7 2 30 94
U-1-5 12 46 255 17 7 2 26 90
U-1-5 12 47 255 17 7 2 22 86
U-1-5 13 40 255 17 7 3 31 127
U-1-5 13 41 255 17 7 3 25 121
U-1-5 13 42 255 17 7 3 24 120
U-1-5 13 43 255 17 7 3 21 117
U-1-5 13 44 255 17 7 2 18 82
U-1-5 13 45 255 17 7 2 25 89
U-1-5 13 46 255 17 7 2 24 88
U-1-5 13 47 255 17 7 2 21 85
U-1-5 14 40 255 17 7 3 18 114
U-1-5 14 41 255 17 7 3 15 111
U-1-5 14 42 255 17 7 3 29 125
U-1-5 14 43 255 17 7 3 20 116
U-1-5 14 44 255 17 7 2 31 95
U-1-5 14 45 255 17 7 2 15 79
U-1-5 14 46 255 17 7 2 29 93
U-1-5 14 47 255 17 7 2 20 84
U-1-5 15 40 255 17 7 3 28 124
U-1-5 15 41 255 17 7 3 23 119
U-1-5 15 42 255 17 7 3 27 123
U-1-5 15 43 255 17 7 3 9 105
U-1-5 15 44 255 17 7 2 19 83
U-1-5 15 45 255 17 7 2 23 87
U-1-5 15 46 255 17 7 2 27 91
U-1-5 15 47 255 17 7 2 9 73
U-1-6 8 48 255 17 7 7 12 236
U-1-6 8 49 255 17 7 7 4 228
U-1-6 8 50 255 17 7 7 1 225
U-1-6 8 51 255 17 7 7 6 230
U-1-6 8 52 255 17 7 6 11 203
U-1-6 8 53 255 17 7 6 4 196
U-1-6 8 54 255 17 7 6 1 193
U-1-6 8 55 255 17 7 6 6 198
U-1-6 9 48 255 17 7 7 7 231
U-1-6 9 49 255 17 7 7 0 224
U-1-6 9 50 255 17 7 7 2 226
U-1-6 9 51 255 17 7 7 16 240
U-1-6 9 52 255 17 7 6 10 202
U-1-6 9 53 255 17 7 6 0 192
U-1-6 9 54 255 17 7 6 2 194
U-1-6 9 55 255 17 7 6 16 208
U-1-6 10 48 255 17 7 7 10 234
U-1-6 10 49 255 17 7 7 3 227
U-1-6 10 50 255 17 7 7 17 241
U-1-6 10 51 255 17 7 7 13 237
U-1-6 10 52 255 17 7 6 7 199
U-1-6 10 53 255 17 7 6 3 195
U-1-6 10 54 255 17 7 6 17 209
U-1-6 10 55 255 17 7 6 13 205
U-1-6 11 48 255 17 7 7 11 235
U-1-6 11 49 255 17 7 7 5 229
U-1-6 11 50 255 17 7 7 8 232
U-1-6 11 51 255 17 7 7 14 238
U-1-6 11 52 255 17 7 6 12 204
U-1-6 11 53 255 17 7 6 5 197
U-1-6 11 54 255 17 7 6 8 200
U-1-6 11 55 255 17 7 6 14 206
U-1-6 12 48 255 17 7 7 19 243
U-1-6 12 49 255 17 7 7 30 254
U-1-6 12 50 255 17 7 7 26 250
U-1-6 12 51 255 17 7 7 22 246
U-1-6 12 52 255 17 7 6 28 220
U-1-6 12 53 255 17 7 6 30 222
U-1-6 12 54 255 17 7 6 26 218
U-1-6 12 55 255 17 7 6 22 214
U-1-6 13 48 255 17 7 7 31 255
U-1-6 13 49 255 17 7 7 25 249
U-1-6 13 50 255 17 7 7 24 248
U-1-6 13 51 255 17 7 7 21 245
U-1-6 13 52 255 17 7 6 18 210
U-1-6 13 53 255 17 7 6 25 217
U-1-6 13 54 255 17 7 6 24 216
U-1-6 13 55 255 17 7 6 21 213
U-1-6 14 48 255 17 7 7 18 242
U-1-6 14 49 255 17 7 7 15 239
U-1-6 14 50 255 17 7 7 29 253
U-1-6 14 51 255 17 7 7 20 244
U-1-6 14 52 255 17 7 6 31 223
U-1-6 14 53 255 17 7 6 15 207
U-1-6 14 54 255 17 7 6 29 221
U-1-6 14 55 255 17 7 6 20 212
U-1-6 15 48 255 17 7 7 28 252
U-1-6 15 49 255 17 7 7 23 247
U-1-6 15 50 255 17 7 7 27 251
U-1-6 15 51 255 17 7 7 9 233
U-1-6 15 52 255 17 7 6 19 211
U-1-6 15 53 255 17 7 6 23 215
U-1-6 15 54 255 17 7 6 27 219
U-1-6 15 55 255 17 7 6 9 201