0 0.407905
1 0.306471
2 0.329654
3 0.448454
4 0.321188
5 0.304034
6 0.254624
7 0.468982
8 0.134613
9 0.131577
10 0.327621
11 0.306484
12 0.202652
13 0.303363
14 0.128438
15 0.0501275
16 0.370029
17 0.36958
18 0.184322
19 0.126277
20 0.310526
21 0.361125
22 0.243816
23 0.29993
24 0.327104
25 0.315179
26 0.315562
27 0.423675
28 0.479745
29 0.206863
30 0.353298
31 0.406784
32 0.189725
33 0.230079
34 0.268701
35 0.288389
36 0.324515
37 0.162547
38 0.22879
39 0.250965
40 0.0825429
41 -0.0129907
42 0.144148
43 0.119342
44 0.294356
45 0.184692
46 0.155646
47 -0.195911
48 0.214093
49 0.175268
50 0.0350629
51 0.173858
52 0.0744875
53 0.299322
54 0.373117
55 0.275836
56 0.139738
57 0.115226
58 0.251032
59 0.388401
60 0.147799
61 0.129997
62 0.329555
63 0.254569
64 -0.101487
65 -0.0717458
66 -0.046993
67 0.116155
68 -0.101155
69 -0.129449
70 -0.0383335
71 -0.124533
72 -0.133804
73 -0.0842161
74 -0.177147
75 -0.251416
76 -0.232221
77 -0.20495
78 -0.170431
79 -0.264296
80 -0.00528259
81 -0.0789444
82 0.0236076
83 -0.00870633
84 -0.116767
85 -0.0395061
86 0.0367711
87 -0.0608824
88 -0.0251379
89 -0.00393104
90 -0.0557083
91 -0.0236723
92 0.16074
93 -0.0390841
94 0.202185
95 0.0827488
96 0.277511
97 -0.0247855
98 0.131265
99 0.372193
100 0.0155726
101 0.0639894
102 0.0523868
103 0.247794
104 0.0569435
105 0.132852
106 0.126252
107 0.247073
108 0.0797127
109 0.130385
110 0.0273138
111 0.0395888
112 0.0968357
113 -0.0159923
114 0.0668326
115 0.247256
116 0.244142
117 0.264032
118 0.303378
119 0.175841
120 0.277542
121 0.228411
122 0.167185
123 0.159389
124 0.239177
125 0.14797
126 0.482817
127 0.254501
128 -0.0993533
129 -0.282431
130 -0.0182148
131 -0.147126
132 -0.128229
133 -0.0917286
134 -0.203514
135 -0.0129902
136 -0.196481
137 -0.333778
138 -0.186778
139 -0.264419
140 -0.123732
141 -0.209922
142 -0.122722
143 -0.340661
144 -0.132979
145 -0.255191
146 -0.041
147 -0.191322
148 -0.399883
149 -0.056801
150 0.0298747
151 -0.184868
152 0.0727834
153 -0.0114174
154 0.0131641
155 -0.0081055
156 0.195683
157 -0.212063
158 0.167715
159 0.0126472
160 -0.208993
161 -0.2753
162 -0.229848
163 -0.122104
164 -0.0465316
165 -0.189995
166 -0.164026
167 0.0227201
168 -0.238888
169 -0.266251
170 -0.23535
171 -0.1521
172 -0.129965
173 -0.128043
174 -0.204135
175 -0.350795
176 -0.0558132
177 -0.236637
178 -0.298387
179 0.0202448
180 -0.173356
181 -0.769598
182 0.0537831
183 -0.153186
184 0.0262336
185 0.0233981
186 0.07568
187 -0.0342056
188 -0.100023
189 -0.185074
190 0.143552
191 -0.000977313
192 -0.159477
193 -0.186741
194 -0.126355
195 -0.131354
196 -0.18822
197 -0.971544
198 -1.07837
199 -0.0743161
200 -0.272913
201 -0.22337
202 -0.262775
203 -0.207304
204 -0.283131
205 -0.264967
206 -0.324735
207 -0.237803
208 -0.196699
209 -0.222518
210 -0.0522521
211 0.0125293
212 -0.0780483
213 0.0643619
214 -0.119855
215 0.0588841
216 0.0863878
217 0.0781177
218 -0.127648
219 0.101583
220 -0.00143733
221 -0.0367357
222 0.0588666
223 0.0582826
224 -0.0856977
225 -0.22796
226 -0.155556
227 -0.0074163
228 -0.216894
229 -0.257881
230 -0.244442
231 -0.061873
232 -0.279821
233 -0.0141821
234 -0.19694
235 -0.275448
236 -0.17099
237 -0.196679
238 -0.215272
239 -0.201925
240 -0.217654
241 -0.242807
242 -0.209095
243 -0.140247
244 0.013477
245 -0.0928144
246 -0.0646675
247 0.0700665
248 0.0115167
249 0.059993
250 -0.150356
251 0.122403
252 0.113736
253 0.00597925
254 -0.0579291
255 0.134004
